4294967294,0
4294967278,28
4294967278,27
4294967278,26
4294967278,19
4294967279,27
4294967279,26
66,1
58,4
66,12
62,5
66,4
57,4
57,5
4294967294,5
4294967294,36
4294967294,39
4294967294,424
4294967294,43
4294967294,52
4294967294,481
4294967294,970
4294967294,68
4294967293,131
4294967293,130
4294967293,129
4294967293,128
4294967293,127
4294967293,126
4294967293,125
4294967293,124
4294967293,123
4294967293,122
4294967293,121
4294967293,120
4294967293,119
4294967293,118
4294967293,117
4294967293,116
4294967293,115
4294967293,114
4294967293,113
4294967293,112
4294967293,111
4294967293,110
4294967293,109
4294967293,108
4294967293,107
4294967293,106
4294967293,105
4294967293,104
4294967293,103
4294967293,102
4294967293,101
4294967293,100
4294967293,99
4294967293,98
4294967293,97
4294967293,96
4294967293,95
4294967293,94
4294967293,93
4294967293,92
4294967293,91
4294967293,90
4294967293,89
4294967293,87
4294967293,86
4294967293,85
4294967293,84
4294967293,83
4294967293,82
4294967293,81
4294967293,80
4294967293,79
4294967293,78
4294967293,77
4294967293,76
4294967293,75
4294967293,74
4294967293,73
4294967293,72
4294967293,71
4294967293,70
4294967293,69
4294967293,68
4294967293,67
4294967293,66
4294967293,65
4294967293,64
4294967293,63
4294967293,62
4294967293,61
4294967293,60
4294967293,59
4294967293,58
4294967293,57
4294967293,56
4294967293,55
4294967293,54
4294967293,53
4294967293,52
4294967293,51
4294967293,50
4294967293,49
4294967293,48
4294967293,47
4294967293,46
4294967293,45
4294967293,44
4294967293,43
4294967293,42
4294967293,41
4294967293,40
4294967293,39
4294967293,38
4294967293,37
4294967293,36
4294967293,35
4294967293,34
4294967293,33
4294967293,32
4294967293,31
4294967293,30
4294967293,29
4294967293,28
4294967293,27
4294967293,26
4294967293,25
4294967293,24
4294967293,23
4294967293,22
4294967293,21
4294967293,20
4294967293,19
4294967293,18
4294967293,17
4294967293,16
4294967293,15
4294967293,14
4294967293,13
4294967293,12
4294967293,11
4294967293,10
4294967293,9
4294967293,8
4294967293,7
4294967293,6
4294967293,5
4294967293,4
4294967293,3
4294967278,132
4294967278,128
4294967278,126
4294967278,369
4294967278,123
4294967278,251
4294967278,121
4294967278,115
4294967278,114
4294967278,112
4294967278,108
4294967278,107
4294967278,91
4294967278,86
4294967278,85
4294967278,75
4294967278,73
4294967278,71
4294967278,65
4294967278,59
4294967278,55
4294967278,54
4294967278,50
4294967278,49
4294967278,45
4294967278,44
4294967278,40
4294967278,33
4294967278,30
4294967278,25
4294967278,24
4294967278,23
4294967278,21
4294967278,20
4294967278,285
4294967278,18
4294967278,17
4294967278,16
4294967278,14
4294967278,13
4294967278,9
4294967278,8
4294967278,88
4294967278,0
4294967278,260
4294967278,4
4294967279,132
4294967279,131
4294967279,130
4294967279,129
4294967279,128
4294967279,127
4294967279,126
4294967279,125
4294967279,124
4294967279,123
4294967279,122
4294967279,121
4294967279,120
4294967279,119
4294967279,118
4294967279,117
4294967279,116
4294967279,113
4294967279,108
4294967279,107
4294967279,97
4294967279,92
4294967279,86
4294967279,85
4294967279,81
4294967279,80
4294967279,76
4294967279,75
4294967279,74
4294967279,73
4294967279,72
4294967279,71
4294967279,66
4294967279,65
4294967279,64
4294967279,63
4294967279,62
4294967279,61
4294967279,60
4294967279,59
4294967279,58
4294967279,56
4294967279,55
4294967279,54
4294967279,53
4294967279,52
4294967279,51
4294967279,44
4294967279,40
4294967279,35
4294967279,30
4294967279,28
4294967279,25
4294967279,24
4294967279,23
4294967279,22
4294967279,21
4294967279,20
4294967279,18
4294967279,17
4294967279,15
4294967279,14
4294967279,13
4294967279,12
4294967279,11
4294967279,10
4294967279,9
4294967279,8
4294967279,7
4294967279,88
4294967279,6
4294967279,5
4294967279,4
4294967294,975
4294967294,742
4294967294,739
4294967294,571
4294967294,735
4294967294,734
4294967294,733
4294967294,731
4294967294,729
4294967294,728
4294967294,727
4294967294,725
4294967294,724
4294967294,723
4294967294,701
4294967294,769
4294967294,1434
4294967294,1419
4294967294,1420
4294967294,490
4294967294,1681
4294967294,1683
4294967294,697
4294967294,951
4294967294,685
4294967294,738
4294967294,921
4294967294,1685
4294967294,660
4294967294,564
4294967294,650
4294967294,649
4294967294,637
4294967294,636
4294967294,635
4294967294,634
4294967294,633
4294967294,630
4294967294,628
4294967294,625
4294967294,624
4294967294,1418
4294967294,919
4294967294,613
4294967294,608
4294967294,607
4294967294,606
4294967294,605
4294967294,600
4294967294,599
4294967294,596
4294967294,593
4294967294,588
4294967294,583
4294967294,313
4294967294,304
4294967294,298
4294967294,295
4294967294,294
4294967294,920
4294967294,271
4294967294,270
4294967294,264
4294967294,257
4294967294,1452
4294967294,255
4294967294,240
4294967294,238
4294967294,237
4294967294,236
4294967294,1230
4294967294,2249
4294967294,217
4294967294,1229
4294967294,2248
4294967294,204
4294967294,1228
4294967294,193
4294967294,192
4294967294,797
4294967294,538
4294967294,531
4294967294,1679
4294967294,526
4294967294,525
4294967294,1227
4294967294,1684
1,0
4294967294,1226
4294967294,2246
4294967294,1884
4294967294,1885
4294967294,2239
4294967294,2247
4294967294,1221
4294967294,2245
4294967278,315
4294967278,458
4294967278,303
4294967279,382
4294967279,557
4294967278,389
4294967279,549
4294967278,255
4294967279,319
4294967278,452
4294967278,451
4294967294,1
4294967294,1224
4294967294,1220
4294967294,2244
4294967294,1223
4294967294,1222
4294967294,1678
4294967294,794
4294967294,1455
4294967294,2243
4294967294,2242
4294967294,1424
4294967294,2241
4294967294,1596
4294967294,1673
4294967294,1676
4294967294,1674
4294967294,1595
4294967294,2240
4294967294,1594
4294967294,1132
4294967294,790
4294967294,2184
4294967294,1593
4294967294,782
4294967294,2183
4294967294,1672
4294967294,2180
4294967294,783
4294967294,1671
4294967294,427
4294967294,149
4294967294,1413
4294967294,2189
4294967294,141
4294967294,1091
4294967294,795
4294967294,1124
4294967294,784
4294967294,2187
4294967294,792
4294967294,2186
4294967294,1670
4294967294,1135
4294967294,436
4294967294,983
4294967294,2182
4294967294,1669
4294967294,2178
4294967294,1120
4294967294,1112
4294967294,2179
4294967294,1436
4294967294,1677
4294967294,1111
4294967294,573
4294967294,574
4294967294,947
4294967294,1110
4294967294,1121
4294967294,1567
4294967294,1094
4294967294,1136
4294967294,1866
4294967294,1126
4294967294,1127
4294967294,1141
4294967294,1651
4294967294,1113
4294967294,1450
4294967294,1107
4294967294,1129
4294967294,1109
4294967294,1118
4294967294,1122
4294967294,802
4294967294,25
4294967294,26
4294967294,29
4294967294,28
4294967294,53
4294967278,457
4294967278,448
4294967279,378
4294967279,377
4294967278,445
4294967279,244
4294967278,449
4294967278,456
4294967278,443
4294967279,375
4294967278,442
4294967278,434
4294967278,296
4294967279,373
4294967278,335
4294967278,454
4294967278,294
4294967279,224
4294967279,380
4294967279,379
4294967279,361
4294967278,447
4294967278,446
4294967278,444
4294967278,427
4294967279,376
4294967278,426
4294967278,455
4294967278,425
4294967279,358
4294967279,357
4294967279,374
4294967279,356
4294967279,367
4294967279,355
4294967278,336
4294967279,354
4294967278,422
4294967278,441
4294967279,381
4294967279,353
4294967278,421
4294967278,420
4294967278,419
4294967278,418
4294967278,439
4294967278,417
4294967278,416
4294967278,433
4294967278,415
4294967278,453
4294967278,414
4294967278,320
4294967278,388
4294967279,279
4294967279,352
4294967279,363
4294967279,351
4294967278,450
4294967278,252
4294967279,370
4294967279,349
4294967279,348
4294967278,411
4294967278,293
4294967278,373
4294967278,390
4294967279,286
4294967279,266
4294967279,222
4294967294,354
4294967294,1139
4294967294,575
4294967294,1114
4294967294,1116
4294967294,1117
4294967294,1618
4294967294,1619
4294967294,1123
4294967294,137
4294967294,1131
4294967294,1607
4294967294,1603
4294967294,1608
4294967294,1600
4294967294,1601
4294967294,1466
4294967294,395
4294967294,1557
4294967294,1617
4294967294,1664
4294967294,1462
4294967294,1555
4294967294,1553
4294967294,1464
4294967294,1422
4294967294,389
4294967294,1665
4294967294,1451
4294967294,1449
4294967294,1463
4294967294,1421
4294967294,425
4294967294,1541
4294967294,1469
4294967294,1443
4294967294,1445
4294967294,1446
4294967294,454
4294967294,1458
4294967294,477
4294967294,1134
4294967294,809
4294967294,774
4294967294,1620
4294967294,1614
4294967294,1611
4294967294,1606
4294967294,1602
4294967294,441
4294967294,1471
4294967294,152
4294967294,130
4294967294,467
4294967294,187
4294967294,430
4294967294,125
4294967278,239
4294967278,408
4294967279,343
4294967279,359
4294967279,369
4294967278,358
4294967279,345
4294967279,339
4294967279,371
4294967278,437
4294967278,245
4294967278,368
4294967279,337
4294967279,336
4294967279,341
4294967279,335
4294967278,407
4294967279,340
4294967279,368
4294967278,436
4294967278,435
4294967279,302
4294967279,372
4294967279,364
4294967279,338
4294967278,319
4294967279,522
4294967279,575
4294967278,385
4294967278,227
4294967278,359
4294967279,544
4294967278,376
4294967278,355
4294967279,366
4294967294,457
4294967294,465
4294967294,463
4294967294,453
4294967294,183
4294967294,1609
4294967294,414
4294967294,418
4294967294,449
4294967294,391
4294967294,191
4294967294,420
4294967294,403
4294967294,398
4294967294,404
4294967294,408
4294967294,385
4294967294,2223
4294967294,406
4294967294,1873
4294967294,416
4294967294,396
4294967294,179
4294967294,1622
4294967294,451
4294967294,190
4294967294,450
4294967294,443
4294967294,392
4294967294,401
4294967294,393
4294967294,407
4294967294,388
4294967294,94
4294967294,390
4294967294,31
4294967294,1093
4294967294,1867
4294967294,1225
4294967294,770
4294967294,776
4294967294,2181
4294967294,1090
4294967294,1871
4294967294,771
4294967294,780
4294967294,984
4294967278,404
4294967279,552
4294967279,519
4294967279,551
4294967279,252
4294967279,327
4294967279,251
4294967279,513
4294967279,512
4294967279,318
4294967279,548
4294967279,246
4294967278,243
4294967279,242
4294967278,241
4294967279,240
4294967279,317
4294967278,235
4294967278,231
4294967278,229
4294967279,228
4294967279,326
4294967278,225
4294967278,223
4294967278,402
4294967278,215
4294967279,324
4294967279,316
4294967279,315
4294967278,310
4294967278,343
4294967279,545
4294967278,397
4294967278,366
4294967279,565
4294967278,396
4294967279,312
4294967278,364
4294967279,564
4294967278,304
4294967279,309
4294967278,363
4294967279,563
4294967278,362
4294967279,561
4294967278,360
4294967279,560
4294967278,341
4294967279,559
4294967278,340
4294967279,308
4294967279,305
4294967278,395
4294967279,558
4294967278,384
4294967279,292
4294967278,377
4294967279,322
4294967279,543
4294967278,302
4294967279,321
4294967278,357
4294967279,303
4294967278,298
4294967279,539
4294967278,375
4294967279,538
4294967278,394
4294967279,301
4294967279,300
4294967279,532
4294967279,556
4294967279,320
4294967279,273
4294967279,298
4294967279,531
4294967279,296
4294967278,328
4294967278,275
4294967279,156
4294967279,537
4294967278,440
4294967278,326
4294967279,529
4294967279,290
4294967279,554
4294967278,352
4294967278,322
4294967279,571
4294967279,523
4294967278,382
4294967279,570
4294967279,535
4294967278,350
4294967279,268
4294967278,372
4294967279,269
4294967278,381
4294967279,525
4294967278,272
4294967279,524
4294967278,271
